         1      5045      5066      5007
         2       844       295       846
         3       551       466       516
         4         9         8         7
         5      4952      4972      4956
         6      4988      5027      5016
         7       728       795       794
         8       439       517       451
         9       298       297       873
        10      5079        14      5065
        11      4951      4957      4996
        12      5030      5017      5013
        13       696        90      1007
        14        24        23      5082
        15        22        21      5081
        16       454       457       440
        17         2         1        28
        18       457       513       481
        19       876       877       889
        20      5068         3         2
        21      5060      5062      5061
        22       429       474       476
        23       918       258      1010
        24       282       281       917
        25       988       358      1132
        26        36        35       445
        27      1198      1239      1240
        28       836       840       835
        29       456       199       441
        30       153       152       454
        31        33        32       429
        32       457       481       458
        33       427       155       440
        34        63        62      1350
        35       151       150       466
        36       558       575       564
        37       466       150       149
        38       449       426       432
        39        62        61      2416
        40       704       730       711
        41       427       457       458
        42      1753      1970      1784
        43        40        39       523
        44       874      1095      1096
        45      1530      1646      1659
        46      1470      1620      1493
        47      1240      1107      1557
        48        35        34       436
        49       690       641       688
        50      1105      1078      1198
        51      2809      2475      2886
        52       581        42       569
        53       575       565       691
        54       920       253       957
        55       524       476       751
        56       310       309      1008
        57       149       148       516
        58       196       195       439
        59       440       155       154
        60       500       187       568
        61       439       451       196
        62       395       394       489
        63       462       463       501
        64       588       579       629
        65       547       623       506
        66       657       662       645
        67       759       841       783
        68       662       657       726
        69       714      1017      1639
        70       218       217      1295
        71      1023      1247      1188
        72       645       582       608
        73       672       656       662
        74       841       970       842
        75       735       733       736
        76       438       434       460
        77      1177       216       813
        78       165       164       511
        79       245       244       431
        80       486       485       483
        81       100        99      1162
        82       879       735       736
        83       469       236       540
        84       158       157       434
        85       473       485       488
        86       159       158       434
        87       532       469       590
        88       794       795       946
        89       619       760       702
        90       881       900       882
        91       102       101      1254
        92      1075      1872      1205
        93      2380      2433      2982
        94      2251      2354      1961
        95      1833      1858      1859
        96      2433      2380      2432
        97      2299      2354      2251
        98      2432      2355      2559
        99      2432      2380      2299
       100      2359      2557      2312